Drug_ID,Drug,Y,pred
CHEMBL2158819,O=C(O)C(c1ccccc1)N1CCC(CN2CCC(Oc3ccc(Cl)c(Cl)c3)CC2)CC1,3.0,10.71828947368421
CHEMBL2158833,O=C(O)c1ccc(CN2CCC(CN3CCC(Oc4ccc(Cl)c(Cl)c4)CC3)CC2)cc1,3.0,16.411671052631586
CHEMBL2158821,O=C(O)[C@@H](c1ccccc1)N1CCC(CN2CCC(Oc3ccc(Cl)c(Cl)c3)CC2)CC1,3.0,10.71828947368421
CHEMBL2158831,O=C(O)c1ccccc1CN1CCC(CN2CCC(Oc3ccc(Cl)c(Cl)c3)CC2)CC1,3.0,11.17080701754386
CHEMBL2158832,O=C(O)c1cccc(CN2CCC(CN3CCC(Oc4ccc(Cl)c(Cl)c4)CC3)CC2)c1,3.0,12.94570833333334
CHEMBL1090089,Cn1c(=O)c(Oc2ccc(F)cc2F)cc2cnc(NC(CCO)CCO)nc21,4.57,15.481135964912282
CHEMBL1916263,CCC(CC)NC(=O)c1cn(-c2ccccc2)nc1NS(=O)(=O)c1ccc(C)cc1,9.0,52.29776265664157
CHEMBL23,COc1ccc([C@@H]2Sc3ccccc3N(CCN(C)C)C(=O)[C@@H]2OC(C)=O)cc1,43.65,54.04046616541354
CHEMBL1458025,Cc1sc2ncnc(SCC(=O)N3CCN(C(=O)c4ccco4)CC3)c2c1C,77.62,81.85949028822058
CHEMBL2171021,Cc1c(Cl)ccc(OC2CCN(C3CCN(C(=O)c4cccc(S(C)(=O)=O)c4)CC3)CC2)c1Cl,13.5,12.239921052631583
CHEMBL2171023,O=C(O)c1ccccc1C(=O)N1CCC(N2CCC(Oc3ccc(Cl)c(Cl)c3)CC2)CC1,3.0,20.190298245614027
CHEMBL2171024,O=C(O)c1cccc(C(=O)N2CCC(N3CCC(Oc4ccc(Cl)c(Cl)c4)CC3)CC2)c1,3.0,24.28892543859648
CHEMBL2171022,O=C(O)COc1cccc(C(=O)N2CCC(N3CCC(Oc4ccc(Cl)c(Cl)c4)CC3)CC2)c1,3.0,34.50515789473683
CHEMBL552513,O=C(Cc1ccc(F)c(C(F)(F)F)c1)Nc1cccc2c(=O)n([C@@H]3CNC[C@H]3O)ccc12,8.0,40.84658223684208
CHEMBL2216902,CC(C)c1nc2ccccc2n1-c1nc(N2CCOCC2)c2nc(OC3CN(C4CCS(=O)(=O)CC4)C3)n(C)c2n1,20.42,71.15563925438599
CHEMBL1188966,CN(C)c1nc(NC[C@H]2CC[C@H](CNS(=O)(=O)c3ccc(Br)cc3OC(F)(F)F)CC2)nc2ccccc12,117.49,64.77445833333338
CHEMBL551813,CN(C)c1nc(Cc2ccc(NC(=O)c3ccc(C(F)(F)F)cc3)cc2)nc(N(C)C)c1CC(=O)O,3.0,43.71617105263159
CHEMBL2094588,O=C(CN1C2=NCCN2c2ccccc21)c1ccc(Cl)cc1,4.0,54.44244078947365
CHEMBL1643200,Cc1cc(CN2Cc3ccccc3C[C@H]2C(=O)Nc2ccc(Cl)cc2Cl)ccc1OCC(=O)O,11.0,22.221155701754384
CHEMBL350563,CCO/N=C(\c1ccc(Br)cc1)C1CCN(C2(C)CCN(C(=O)c3c(Cl)cncc3Cl)CC2)CC1,4.0,51.40832675438598
CHEMBL1801962,COc1ccccc1C(=O)/C=C/c1ccccc1C(F)(F)F,150.0,60.5563114035088
CHEMBL589973,CCCCNC(=O)c1ccc(Oc2ccc(CC(=O)O)cc2OC)c(NS(=O)(=O)c2ccc(Cl)cc2Cl)c1,3.0,27.208001315789463
CHEMBL2171277,Cc1ccc(NC(=O)[C@H]2CCCN2S(=O)(=O)c2cccc3cccnc23)c(C)c1,150.0,59.32153728070176
CHEMBL2171278,Cc1ccc(NC(=O)[C@@H]2CCCN2S(=O)(=O)c2cccc3cccnc23)c(C)c1,150.0,59.32153728070176
CHEMBL201799,CCCCCSc1nc(O)c2sc(N)nc2n1,18.0,36.22546710526317
CHEMBL723,COc1ccccc1OCCNCC(O)COc1cccc2[nH]c3ccccc3c12,41.69,48.80409649122811
CHEMBL2170837,CCn1c(C)c(C(=O)O)c(-c2cccc(N3CCN(c4ccc(NS(=O)(=O)c5ccc(N[C@H](CCN6CCC(O)CC6)CSc6ccccc6)c(S(=O)(=O)C(F)(F)F)c5)cc4)CC3)c2)c1-c1ccc(Cl)cc1,15.14,51.26911732456141
CHEMBL1526762,Cc1cc(C)nc(SCC(N)=O)n1,3.0,44.75396271929822
CHEMBL2348176,Nc1nccc(-n2ccc3ccccc32)n1,112.0,32.88481688596489
CHEMBL1209914,CC(=O)N1N=C(c2ccc(Br)cc2)CC1c1ccc(C)cc1,41.69,44.75955093984967
CHEMBL1209915,COc1ccc(C2CC(c3ccc(Br)cc3)=NN2C(C)=O)cc1,12.3,48.66058223684216
CHEMBL1409708,CN(C)c1ccnc2sc(C(N)=O)c(N)c12,3.0,39.244076754386
CHEMBL568904,Cc1ccc2c(N)c(C(N)=O)sc2n1,13.0,55.25539956140349
CHEMBL22,COc1cc(Cc2cnc(N)nc2N)cc(OC)c1OC,3.0,57.66658552631581
CHEMBL8232,COc1cccc(Oc2cncnc2O)c1,3.0,28.64381140350879
CHEMBL1761322,CCS(=O)(=O)CCCC12CCC(c3nnc(-c4ccccc4C(F)(F)F)n3C)(CC1)CC2,3.0,38.31891929824559
CHEMBL472455,COc1ccc(N(C(=O)c2ccco2)C(C(=O)NC2CCCC2)c2ccccc2F)c(OC)c1,150.0,108.03729385964915
CHEMBL561771,COc1cccc(NC(=O)c2cccc(Cc3c(C)nn(CCO)c3-c3ccccc3)c2)c1,146.0,57.26270614035088
CHEMBL1922054,Cc1ccc2nc(C[N+]34CCC(CC3)[C@@H](OC(=O)[C@](C)(c3ccccc3)N3CCCCC3)C4)oc2c1,150.0,72.60315789473681
CHEMBL1458496,O=C(c1cccc(Cl)c1Cl)N1CCN(c2ccccn2)CC1,150.0,52.12191118421056
CHEMBL1094250,Cc1cc2c(C(=O)NC[C@H](C)c3ccccc3)c(O)c(O)cc2c(O)c1-c1c(C)cc2c(C(=O)NC[C@H](C)c3ccccc3)c(O)c(O)cc2c1O,34.67,59.7080197368421
CHEMBL365123,Cc1cn(Cc2ccccc2)c(=O)[nH]c1=O,20.0,34.10012500000004
CHEMBL9967,CN1CCN(CC(=O)N2c3ccccc3C(=O)Nc3cccnc32)CC1,3.0,35.635026315789446
CHEMBL521096,CCOc1cc2ncc(C(N)=O)c(Nc3ccc(C)cc3F)c2cc1N1CCN(C)CC1,26.0,43.89406359649128
CHEMBL2012204,Cc1cc([C@H](O)[C@](C)(OCc2ccc(-c3ccccc3)cc2)C(=O)NO)no1,15.85,39.08996228070175
CHEMBL2070950,N#CC1(NC(=O)[C@@H]2CCCC[C@H]2C(=O)N2CCN(c3nc4ccncc4s3)CC2)CC1,17.78,43.93207412280699
CHEMBL2031236,Cc1ccc(NC(=O)c2cscn2)cc1-n1cnc2ccc(N3CCN(C)CC3)cc2c1=O,3.0,25.42897149122807
CHEMBL108,NC(=O)N1c2ccccc2C=Cc2ccccc21,7.0,22.94730263157895
CHEMBL379787,O=C(Nc1nc2ccccc2n1CCN1CCOCC1)c1cccc([N+](=O)[O-])c1,56.23,66.42266588345869
CHEMBL1513,CCCCC1=NC2(CCCC2)C(=O)N1Cc1ccc(-c2ccccc2-c2nn[nH]n2)cc1,17.78,62.280053728070186
CHEMBL1824832,CCOc1ccc(Oc2ccc(S(=O)(=O)NC(=O)c3cccc(-c4ccc(Cl)c(Cl)c4)c3)cc2)cc1,11.48,27.10401578947368
CHEMBL1807821,O=c1[nH]c2c(O)ccc([C@@H](O)CNCCCOCCOCCc3ccccc3)c2s1,9.0,36.79928289473686
CHEMBL2171025,O=C(c1ccc(-c2noc(=O)[nH]2)cc1)N1CCC(N2CCC(Oc3ccc(Cl)c(Cl)c3)CC2)CC1,3.0,40.14593421052634
CHEMBL380936,Nc1nc(NCc2ccccc2)nc2c1nc(O)n2Cc1ccccc1,11.0,32.273274122807
CHEMBL1194325,O=C(O[C@H]1C[N+]2(CCCOc3ccccc3)CCC1CC2)C(O)(c1cccs1)c1cccs1,140.0,61.5827807017544
CHEMBL1214,CC1(C)S[C@@H]2[C@H](NC(=O)C(C(=O)O)c3ccccc3)C(=O)N2[C@H]1C(=O)O,6.92,63.18582850877193
CHEMBL2326864,CC(=O)Nc1nc(CCc2ccc(NC(=N)N)cc2)cs1,3.98,17.14897368421054
CHEMBL2364624,O=C(O)C[C@H]1CC[C@H](c2ccc(-c3ccc(Nc4ccc(C(F)(F)F)nc4)cn3)cc2)CC1,3.0,66.86486249999997
CHEMBL208487,CC(C)Cn1c(=O)n(C)c(=O)c2c(C(=O)N3CC[C@@H](O)C3)c(Cc3ccccc3C(F)(F)F)sc21,27.0,39.815524122807005
CHEMBL383669,CC(C)Cn1c(=O)n(C)c(=O)c2c(C(=O)N3CCCC3)c(Cc3ccccc3C(F)(F)F)sc21,150.0,45.635653508771895
CHEMBL2169920,O=C1COc2c(CCNCCN(C(=O)CCNCCc3ccc(Cl)c(Cl)c3)C3CCCCC3)ccc(O)c2N1,38.0,56.77537719298245
CHEMBL1934417,COCCC(C)n1nc(C)c(C(=O)N[C@@H](C)C(C)(C)C)c1NS(=O)(=O)c1ccc(C)cc1,3.9,20.40370676691729
CHEMBL1934269,Cc1ccc(S(=O)(=O)Nc2c(C(=O)N[C@@H](C)C(C)(C)C)c(C)nn2CC(F)(F)F)cc1,17.0,25.962385964912286
CHEMBL1934268,CCn1nc(C)c(C(=O)N[C@@H](C)C(C)(C)C)c1NS(=O)(=O)c1ccc(C)cc1,4.2,18.255644736842108
CHEMBL1934416,COCC(C)n1nc(C)c(C(=O)N[C@@H](C)C(C)(C)C)c1NS(=O)(=O)c1ccc(C)cc1,6.0,17.561901315789484
CHEMBL1934271,CCC(CC)n1nc(C)c(C(=O)N[C@@H](C)C(C)(C)C)c1NS(=O)(=O)c1ccc(C)cc1,43.0,21.75175939849625
CHEMBL1934270,Cc1ccc(S(=O)(=O)Nc2c(C(=O)N[C@@H](C)C(C)(C)C)c(C)nn2C(C)(C)C)cc1,37.0,35.982747807017525
CHEMBL1934266,CCC(CC)NC(=O)c1c(C)nn(C(C)C)c1NS(=O)(=O)c1ccc(C)cc1,7.5,12.551776315789482
CHEMBL1916269,CCC(CC)NC(=O)c1cnn(C)c1NS(=O)(=O)c1ccc(C)cc1,13.0,9.541973684210529
CHEMBL1082811,N#Cc1c(-c2ccccc2)nc(SCc2ccccc2)[nH]c1=O,6.0,62.305153508771966
CHEMBL550777,NC1CCN(c2nccc(C(=O)NCC34CC5CC(CC(C5)C3)C4)c2Cl)CC1,41.0,52.1031359649123
CHEMBL2031241,Cc1ccc(C(=O)Nc2nccs2)cc1-n1cnc2ccc(N3CCN(C)CC3)cc2c1=O,7.0,33.30200000000003
CHEMBL1090090,NC(=O)c1ccc(N(C(N)=O)c2c(F)cccc2F)nc1-c1ccc(F)cc1F,5.13,28.205357612781967
CHEMBL1523918,O=S(=O)(Nc1nnc(-c2ccccc2)s1)c1ccc(Cl)cc1,16.0,46.03041228070177
CHEMBL2031238,Cc1ccc(NC(=O)c2ccoc2)cc1-n1cnc2ccc(N3CCN(C)CC3)cc2c1=O,6.0,20.964940789473687
CHEMBL1770469,CSCCC(NC(=O)c1cnccn1)c1nc2ccccc2[nH]1,31.0,15.807688596491232
CHEMBL578288,N#CN=C(N)c1sc(Nc2ccccc2)nc1N,3.0,23.566032894736864
CHEMBL2031464,Cc1ccc(C(=O)NC2CCC2)cc1-n1cnc2ccc(N3CCN(C)CC3)cc2c1=O,5.0,13.600809210526318
CHEMBL550436,C[C@H](CO)n1ccc2c(NC(=O)Cc3ccc(Cl)c(C(F)(F)F)c3)cccc2c1=O,3.0,41.04644736842104
CHEMBL560219,O=C(Cc1ccc(Cl)c(C(F)(F)F)c1)Nc1cccc2c(=O)n(CCO)ccc12,3.0,36.529427631578976
CHEMBL1163803,CCN(C(=O)NCc1c(F)cccc1F)C1CCN(CCC(c2ccccc2)c2ccccc2)CC1,6.0,36.06992763157894
CHEMBL1163492,CCN(C(=O)NCc1ccc(F)cc1)C1CCN(CCC(c2ccccc2)c2ccccc2)CC1,105.0,34.123863157894746
CHEMBL180184,CCN(C(=O)NCc1ccccc1)C1CCN(CCC(c2ccccc2)c2ccccc2)CC1,4.0,39.64741885964915
CHEMBL182380,CCN(C(=O)NCc1ccc(S(C)(=O)=O)cc1)C1CCN(CCC(c2ccccc2)c2ccccc2)CC1,3.0,24.5342412280702
CHEMBL1091644,C[C@]1(O)C[C@@H](c2nc(-c3ccc4ccc(-c5ccccc5)nc4c3)c3c(N)nccn32)C1,17.38,50.02113004385965
CHEMBL6966,COc1ccc(CCN(C)CCCC(C#N)(c2ccc(OC)c(OC)c2)C(C)C)cc1OC,127.7,59.04266008771926
CHEMBL1938400,CC(C)(C)c1cc(NC(=O)NCc2ccccc2Sc2ccc3nnc(-c4ccccc4SCCO)n3c2)n(-c2ccc(O)c(Cl)c2)n1,150.0,32.069201754385944
CHEMBL216981,CC[C@@H](Nc1c(Nc2cccc(C(=O)N(C)C)c2O)c(=O)c1=O)c1ccc(C)o1,3.0,26.645335526315787
CHEMBL2177757,O=C(Cc1ccccc1)Nc1nnc(CCSCCc2nnc(NC(=O)Cc3ccccc3)s2)s1,20.42,62.16322478070174
CHEMBL203125,O=CN(O)CCCP(=O)(O)O,3.02,27.742250000000016
CHEMBL205526,CC(C)Cn1c(=O)n(C)c(=O)c2c(SCCCO)c(Cc3cccc4ccccc34)sc21,33.0,49.92496929824563
CHEMBL2152252,CNC(=O)c1nc(-c2ccc(Cl)c(S(=O)(=O)Nc3cccc(F)c3F)c2)cnc1N,51.29,24.23772807017545
CHEMBL1164184,O=C(Nc1ncc(F)s1)C(CC1CCOCC1)c1ccc(S(=O)(=O)C2CC2)cc1,33.11,30.484520614035088
CHEMBL633,CCCCc1oc2ccccc2c1C(=O)c1cc(I)c(OCCN(CC)CC)c(I)c1,27.0,67.88241666666673
CHEMBL2164678,N#CC1(NC(=O)[C@@H]2CCCC[C@H]2C(=O)N2CCc3[nH]c4ccc(F)cc4c3C2)CC1,12.5,45.94209649122806
CHEMBL1779503,O=C(NCCc1ccccc1)c1cc(-n2ncc(=O)[nH]c2=O)ccc1Cl,3.0,39.31567324561404
CHEMBL51478,COc1ccnc(CSc2nc3ccccc3[nH]2)c1,86.0,56.73598026315787
CHEMBL1939560,C[C@H](c1nc2ncccc2c(=O)n1-c1ccc(Cl)cc1)N(CC1CCS(=O)(=O)CC1)C(=O)Cc1ccc(C(F)(F)F)c(F)c1,5.25,39.72890219298246
CHEMBL2071614,CC(C)(O)c1ccc(Nc2nc3ccc(C#N)cc3[nH]2)cc1,3.0,33.05115789473686
CHEMBL2097971,COc1ccc2nc(C)cc(OCC(=O)Nc3ccccc3OC)c2c1,138.04,60.05167982456134
CHEMBL2098332,Cc1cc(OCC(=O)Nc2ccccc2)c2cc(Br)ccc2n1,123.03,51.007478947368384
CHEMBL564535,CN(C)C[C@H](O)Cc1ccc(Cl)c(C(=O)NCC23CC4CC(CC(C4)C2)C3)c1,11.0,21.66156798245615
CHEMBL336619,O=C(NCC12CC3CC(CC(C3)C1)C2)c1ccccc1Cl,69.0,22.12319956140351
CHEMBL129982,Nc1ccc(Cl)c(C(=O)NCC23CC4CC(CC(C4)C2)C3)c1,19.0,25.815401315789487
CHEMBL550167,O=C(NCC12CC3CC(CC(C3)C1)C2)c1cc(OCCCNCCCO)ccc1Cl,27.0,39.17313157894737
CHEMBL205742,CC(C)Cn1c(=O)n(C)c(=O)c2c(C(=O)N3CC[C@@H](O)C3)c(Cc3ccnc4ccccc34)sc21,39.0,44.74646403508772
CHEMBL1807817,O=c1[nH]c2c(O)ccc([C@@H](O)CNCCSCCCOCCc3ccccc3)c2s1,75.0,36.74752982456143
CHEMBL506,COc1cc(NC(C)CCCN)c2ncccc2c1,3.0,30.7388903508772
CHEMBL103482,CCOC(=O)c1cnc2c(N)cccc2c1O,20.42,13.928381578947368
CHEMBL1043,Nc1ccc(S(=O)(=O)c2ccc(N)cc2)cc1,3.0,52.2195438596492
CHEMBL1539037,COc1ccc(NC(=O)CCc2c(C)nc3nc(C)nn3c2C)cc1,3.98,82.92764473684215
CHEMBL1399574,CCOc1ccc(NC(=O)CCc2c(C)nc3nc(C)nn3c2C)cc1,3.0,79.00267105263158
CHEMBL244521,CC(C)c1nc2ccc(-c3ccc(F)cc3)cc2c(=O)n1C[C@H]1CCCN(C(C)C)C1,12.88,67.07352302631577
CHEMBL244936,Cc1nc2ccc(-c3ccc(Cl)cc3)cc2c(=O)n1C[C@H]1CCCN(C(C)C)C1,3.0,50.45822631578941
CHEMBL1534781,COc1cnc(-c2ccccn2)nc1N(C)c1ccccc1,104.0,67.02075657894733
CHEMBL2147032,O=C1COC2(CCN(S(=O)(=O)c3ccc(-c4ccc5cccnc5c4)cc3)CC2)CN1C1CC1,56.23,70.27847039473676
CHEMBL585640,CCn1c(SCC(=O)Nc2cccc(C)c2)nnc1-c1ccccc1,150.0,60.7296881578947
CHEMBL1940652,COc1ccncc1-c1ccccc1CN(C(=O)c1ccc(-c2ccc(C#N)cc2)o1)c1ccc(N2CCNCC2)cc1,54.95,48.118225657894754
CHEMBL2325699,CS(=O)(=O)C1(c2cc(N3CC4CCC(C3)O4)nc(-c3cccc4[nH]ccc34)n2)CC1,8.91,27.99998026315792
CHEMBL956,CC(C(=O)O)c1ccc(C(=O)c2cccs2)cc1,3.0,15.32123684210528
CHEMBL267744,O=C(O)COc1ccc(C(=O)c2cccs2)c(Cl)c1Cl,82.0,9.8483552631579
CHEMBL1472189,COc1ccc(CC(=O)Nc2nc3ccccc3[nH]2)cc1,11.22,78.18082456140351
CHEMBL1934418,Cc1ccc(S(=O)(=O)Nc2c(C(=O)N[C@@H](C)C(C)(C)C)c(C)nn2C2CCSCC2)cc1,25.0,30.21432130325816
CHEMBL2347404,Fc1cccc(COc2ccc(Nc3ncnc4ccc(-c5cccc(N6CCOCC6)c5)cc34)cc2Cl)c1,63.1,42.49042982456144
CHEMBL1927707,O=C(CCc1ccccc1O)Nc1ccccc1,30.0,45.6048936403509
CHEMBL1465276,O=C(C1CCN(c2nnc(-n3cccc3)s2)CC1)N1CCc2ccccc2C1,83.18,66.39774999999999
CHEMBL1770477,CCOc1ccc2oc(C(=O)NC(CCSC)c3nc4ncccc4[nH]3)c(C)c2c1,150.0,51.610971491228064
CHEMBL1529362,Nc1nnc(-c2ccccc2)s1,3.0,14.29200986842105
CHEMBL511115,COc1ccc([C@]2(C#N)CC[C@@H](C(=O)O)CC2)cc1OC1CCCC1,13.0,44.69108881578948
CHEMBL1922048,C[C@@](C(=O)O[C@H]1C[N+]2(CC(=O)Nc3ccncn3)CCC1CC2)(c1ccccc1)N1CCCCC1,37.0,75.20274210526317
CHEMBL2323231,O=C(CSc1nc2c(c(=O)n1-c1ccccc1)SCC2)Nc1ccc(-c2ccccc2)cn1,150.0,72.24034035087718
CHEMBL168899,O=C1Nc2ccccc2B(O)N1c1ccccc1,5.13,61.33500877192982
CHEMBL1600648,Cc1nc2ncnn2c(O)c1CCOC(=O)c1c(F)cccc1F,150.0,27.3474451754386
CHEMBL1904754,Cc1nc2ncnn2c(O)c1CCOC(=O)c1ccccc1F,150.0,67.3335635964912
CHEMBL2158775,COc1ccccc1C[C@@H](C(=O)O)N1CCC(CN2CCC(Oc3ccc(Cl)c(Cl)c3)CC2)CC1,8.0,15.06642105263158
CHEMBL2158792,Cc1cc(OC2CCN(CC3CCN([C@@](C)(Cc4ccc(F)cc4)C(=O)O)CC3)CC2)ccc1Cl,3.0,28.60442105263158
CHEMBL2158783,Cc1c(Cl)ccc(OC2CCN(CC3CCN([C@@H](Cc4ccc(F)cc4)C(=O)O)CC3)CC2)c1Cl,3.0,36.78951644736844
CHEMBL2158836,O=C(O)[C@@H](Cc1ccccc1)N1CCC(CN2CCC(Oc3ccc(Cl)c(Cl)c3)CC2)CC1,3.0,13.44302631578948
CHEMBL2158793,Cc1cc(F)ccc1OC1CCN(CC2CCN([C@@](C)(Cc3ccc(F)cc3)C(=O)O)CC2)CC1,3.0,45.48383333333335
CHEMBL2158778,O=C(O)[C@H](Cc1ccc(F)cc1)N1CCC(CN2CCC(Oc3ccc(Cl)cc3)CC2)CC1,3.0,42.03705263157895
CHEMBL2158840,O=C(O)[C@H](Cc1cccc(F)c1)N1CCC(CN2CCC(Oc3ccc(Cl)c(Cl)c3)CC2)CC1,8.0,22.86018859649123
CHEMBL2158772,Cc1ccccc1C[C@@H](C(=O)O)N1CCC(CN2CCC(Oc3ccc(Cl)c(Cl)c3)CC2)CC1,3.0,16.91945394736842
CHEMBL2158790,Cc1c(OC2CCN(CC3CCN([C@@](C)(Cc4ccc(F)cc4)C(=O)O)CC3)CC2)ccc(Cl)c1Cl,3.0,41.74169298245615
CHEMBL2158835,O=C(O)[C@H](Cc1ccccc1)N1CCC(CN2CCC(Oc3ccc(Cl)c(Cl)c3)CC2)CC1,3.0,13.44302631578948
CHEMBL2158774,Cc1ccc(C[C@@H](C(=O)O)N2CCC(CN3CCC(Oc4ccc(Cl)c(Cl)c4)CC3)CC2)cc1,14.0,19.405307017543866
CHEMBL2158770,N#Cc1cccc(C[C@@H](C(=O)O)N2CCC(CN3CCC(Oc4ccc(Cl)c(Cl)c4)CC3)CC2)c1,3.0,24.58798245614035
CHEMBL2158838,O=C(O)[C@H](Cc1ccc(Cl)cc1)N1CCC(CN2CCC(Oc3ccc(Cl)c(Cl)c3)CC2)CC1,3.0,22.2292346491228
CHEMBL2158782,Cc1cc(OC2CCN(CC3CCN([C@@H](Cc4ccc(F)cc4)C(=O)O)CC3)CC2)ccc1Cl,3.0,32.96975657894737
CHEMBL2158769,N#Cc1ccccc1C[C@@H](C(=O)O)N1CCC(CN2CCC(Oc3ccc(Cl)c(Cl)c3)CC2)CC1,6.0,21.985407894736845
CHEMBL272842,O=C(O)[C@H](Cc1ccccc1)N1CCC(CN2CCC(Oc3ccc(CO)c(Cl)c3)CC2)CC1,3.0,16.71007894736842
CHEMBL2158780,Cc1cc(Cl)ccc1OC1CCN(CC2CCN([C@@H](Cc3ccc(F)cc3)C(=O)O)CC2)CC1,3.0,41.621848684210526
CHEMBL2158785,Cc1c(OC2CCN(CC3CCN([C@@H](Cc4ccc(F)cc4)C(=O)O)CC3)CC2)ccc(C#N)c1Cl,5.5,42.02343201754387
CHEMBL2158839,O=C(O)[C@H](Cc1ccccc1F)N1CCC(CN2CCC(Oc3ccc(Cl)c(Cl)c3)CC2)CC1,4.0,24.671149122807023
CHEMBL2158781,Cc1cc(F)ccc1OC1CCN(CC2CCN([C@@H](Cc3ccc(F)cc3)C(=O)O)CC2)CC1,3.0,39.860365131578966
CHEMBL2158773,Cc1cccc(C[C@@H](C(=O)O)N2CCC(CN3CCC(Oc4ccc(Cl)c(Cl)c4)CC3)CC2)c1,3.0,16.983649122807027
CHEMBL2158779,O=C(O)[C@H](Cc1ccc(F)cc1)N1CCC(CN2CCC(Oc3ccc(Cl)cc3Cl)CC2)CC1,3.0,40.01081140350878
CHEMBL2158771,N#Cc1ccc(C[C@@H](C(=O)O)N2CCC(CN3CCC(Oc4ccc(Cl)c(Cl)c4)CC3)CC2)cc1,3.0,29.17557456140353
CHEMBL81,O=C(c1ccc(OCCN2CCCCC2)cc1)c1c(-c2ccc(O)cc2)sc2cc(O)ccc12,21.0,52.98292324561398
CHEMBL1916286,Cc1nn(-c2ccccc2)c(NS(=O)(=O)C2CCCCC2)c1C(=O)N[C@@H](C)C(C)(C)C,14.0,39.39110570175436
CHEMBL564366,Cc1ccc2nc(CCNCCCO)ccc2c1NC(=O)CC12CC3CC(CC(C3)C1)C2,33.0,45.83202850877191
CHEMBL100979,Cc1nc2ccccn2c1-c1ccnc(N)n1,50.12,26.83663157894738
CHEMBL243978,c1cn(-c2ccc(Oc3nccc(Oc4ccc5c(c4)OCO5)n3)cc2)cn1,13.0,43.28759539473688
CHEMBL244184,Cc1cnc(Oc2ccc(-n3ccnc3)cc2)nc1Oc1ccc2c(c1)OCO2,3.0,35.66568969298249
CHEMBL390674,Cc1cc(Oc2ccc3c(c2)OCO3)nc(Oc2ccc(-n3ccnc3)cc2)n1,3.0,50.66470504385965
CHEMBL272551,O=S(=O)(c1ccccc1)N1CCN(Cc2ccccc2)CC1,64.0,35.60812828947368
CHEMBL1689117,O=C(O)COc1ccc(Cl)cc1CN1CCN(S(=O)(=O)c2ccc(F)cc2)CC1,11.0,14.332176535087722
CHEMBL1689122,CC1CN(S(=O)(=O)c2ccccc2)CCN1Cc1cc(Cl)ccc1OCC(=O)O,3.0,5.866720394736844
CHEMBL1689119,C[C@H]1CN(Cc2cc(Cl)ccc2OCC(=O)O)CCN1S(=O)(=O)c1ccccc1,5.0,5.010210526315791
CHEMBL1689120,C[C@@H]1CN(Cc2cc(Cl)ccc2OCC(=O)O)CCN1S(=O)(=O)c1ccccc1,8.0,5.010210526315791
CHEMBL1689124,CCC[C@H]1CN(Cc2cc(Cl)ccc2OCC(=O)O)CCN1S(=O)(=O)c1ccccc1,11.0,4.761019736842105
CHEMBL1689109,O=C(O)COc1ccc(Cl)cc1CN1CCN(S(=O)(=O)c2ccccc2)CC1,3.6,6.557315789473685
CHEMBL1689134,C[C@H]1CN(Cc2cc(Cl)ccc2OC(C)(C)C(=O)O)CCN1S(=O)(=O)c1ccccc1,3.0,12.445353383458649
CHEMBL1689110,O=C(O)COc1ccc(C(F)(F)F)cc1CN1CCN(S(=O)(=O)c2ccccc2)CC1,6.33,32.70196287593986
CHEMBL1689123,CC[C@H]1CN(Cc2cc(Cl)ccc2OCC(=O)O)CCN1S(=O)(=O)c1ccccc1,9.0,4.924131578947368
CHEMBL1778635,N#Cc1ccc(F)c(-c2cc(C(F)(F)F)ccc2OCC(=O)O)c1,3.0,16.444651315789482
CHEMBL1778646,CCS(=O)(=O)c1ccc(-c2cc(Cl)ccc2OCC(=O)O)c(Cl)c1,3.0,20.81307706766917
CHEMBL1778643,CCc1ccc(OCC(=O)O)c(-c2ccc(S(C)(=O)=O)cc2)c1,3.0,17.446447368421055
CHEMBL1778623,CCN(CC)S(=O)(=O)c1ccc(-c2cc(C(F)(F)F)ccc2OCC(=O)O)cc1,9.0,13.346381578947373
CHEMBL1778618,N#Cc1ccc(OCC(=O)O)c(-c2ccccc2)c1,6.0,45.89597850877193
CHEMBL1778636,N#Cc1cccc(-c2cc(Cl)ccc2OCC(=O)O)c1,3.0,16.815003289473697
CHEMBL1778638,CCS(=O)(=O)c1ccc(-c2cc(C(F)(F)F)ccc2OCC(=O)O)c(Cl)c1,3.0,28.718649122807022
CHEMBL212521,CC[C@H](N)C(=O)N[C@H](C#N)Cc1ccc(-c2ccccc2)cc1,28.67,14.037315789473682
CHEMBL1778642,CS(=O)(=O)c1ccc(-c2cc(Cl)ccc2OCC(=O)O)c(Cl)c1,10.0,16.585956140350874
CHEMBL1778622,CCSc1ccc(-c2cc(C(F)(F)F)ccc2OCC(=O)O)cc1,134.0,19.97872368421053
CHEMBL1778639,CCS(=O)(=O)c1ccc(-c2cc(C(F)(F)F)ccc2OCC(=O)O)c(C)c1,3.0,23.754600877192978
CHEMBL1778637,CS(=O)(=O)c1ccc(-c2cc(C(F)(F)F)ccc2OCC(=O)O)c(Cl)c1,3.0,27.11748355263157
CHEMBL1778644,CCS(=O)(=O)c1ccc(-c2cc(Cl)ccc2OCC(=O)O)c(F)c1,3.0,11.00678947368421
CHEMBL1778652,CCS(=O)(=O)c1ccc(-c2cc(C(F)(F)F)ccc2CCC(=O)O)c(C)c1,3.0,31.52141885964911
CHEMBL1778612,O=C(O)COc1ccc([N+](=O)[O-])cc1-c1ccccc1,3.0,29.50232236842104
CHEMBL1778647,CCS(=O)(=O)c1ccc(-c2cc(Cl)ccc2OCC(=O)O)c(C(F)(F)F)c1,4.0,16.869342105263158
CHEMBL2046990,Nc1ccc(-c2ccccc2Cl)cc1,39.81,23.828203947368447
CHEMBL1778645,CCS(=O)(=O)c1ccc(-c2cc(Cl)ccc2OCC(=O)O)c(C)c1,3.0,15.347598684210537
CHEMBL1778616,O=C(O)COc1ccc(Br)cc1-c1ccccc1,3.0,24.488848684210524
CHEMBL1777822,Cc1ccc(C#N)cc1-c1cc(C(F)(F)F)ccc1OCC(=O)O,3.0,14.820766447368417
CHEMBL1778627,CN(c1ccc(-c2cc(C(F)(F)F)ccc2OCC(=O)O)cc1)S(C)(=O)=O,13.0,9.825622807017549
CHEMBL1778653,CCS(=O)(=O)c1ccc(-c2cc(C(F)(F)F)ccc2OCC(N)=O)c(C)c1,3.0,40.25280263157895
CHEMBL1778624,O=C(O)COc1ccc(C(F)(F)F)cc1-c1ccc(Cl)cc1,11.0,21.151217105263164
CHEMBL1778641,CCS(=O)(=O)c1ccc(-c2cc(Cl)ccc2OCC(=O)O)cc1,3.0,14.447302631578951
CHEMBL1778621,CS(=O)(=O)c1ccc(-c2cc(C(F)(F)F)ccc2OCC(=O)O)cc1,3.0,23.95413815789473
CHEMBL1778649,CCS(=O)(=O)c1ccc(-c2cc(C(F)(F)F)ccc2O[C@@H](C)C(=O)O)c(C)c1,3.0,26.422666666666665
CHEMBL1778628,N#Cc1cccc(-c2cc(C(F)(F)F)ccc2OCC(=O)O)c1,3.0,18.40827302631579
CHEMBL1778625,COc1ccc(-c2cc(C(F)(F)F)ccc2OCC(=O)O)cc1,12.0,20.441828947368418
CHEMBL1778633,Cc1cc(N(C)S(C)(=O)=O)ccc1-c1cc(C(F)(F)F)ccc1OCC(=O)O,3.0,22.41390131578948
CHEMBL1778620,Nc1ccc(OCC(=O)O)c(-c2ccccc2)c1,3.0,24.946864473684208
CHEMBL563,CC(C(=O)O)c1ccc(-c2ccccc2)c(F)c1,23.5,17.711313157894747
CHEMBL1778629,CCS(=O)(=O)c1cccc(-c2cc(C(F)(F)F)ccc2OCC(=O)O)c1,12.0,18.54284210526317
CHEMBL110861,Oc1nc2c(O)ccc(CCNCCOCCCOCCc3ccccc3)c2s1,56.0,32.0207850877193
CHEMBL250961,Cc1ccc(F)cc1S(=O)(=O)N[C@@H]1CCN(Cc2ccc(-c3ccccc3)cc2)C1,144.54,38.32973442982456
CHEMBL1829174,Cc1cc(OCCCS(C)(=O)=O)cc(C)c1-c1cccc(COc2ccc3c(c2)OC[C@H]3CC(=O)O)c1,5.5,61.468483552631625
CHEMBL38380,O=S(=O)(c1cccc2cnccc12)N1CCCNCC1,10.0,41.25640789473685
CHEMBL591931,N=C(N)c1cc2c(-c3ccccc3)cccc2s1,5.0,23.169175438596486
CHEMBL402728,Cc1nc(CSc2nc(N[C@H](C)CO)c3sc(=O)[nH]c3n2)cs1,3.0,49.97361184210526
CHEMBL560993,Cc1c(Cc2ccc3ccccc3n2)c2cc(F)ccc2n1CC(=O)O,3.0,25.10555065789473
CHEMBL1924034,CN(C)C(C)(C(=O)OC1CC[N+](C)(C)CC1)c1ccccc1,3.0,39.911119517543874
CHEMBL17157,CC(C)(C)c1ccc(C(O)CCCN2CCC(C(O)(c3ccccc3)c3ccccc3)CC2)cc1,95.5,37.93697039473687
CHEMBL914,CC(C)(C(=O)O)c1ccc(C(O)CCCN2CCC(C(O)(c3ccccc3)c3ccccc3)CC2)cc1,3.0,23.009377192982456
CHEMBL1489611,Cc1cc(C)cc(-c2nnc(SCC(=O)N3CCN(C(=O)c4ccco4)CC3)o2)c1,67.61,77.15384385964911
CHEMBL1921944,C[C@@](C(=O)O[C@H]1C[N+]2(CC(=O)Nc3cccc(F)c3)CCC1CC2)(c1ccccc1)N1CCCCC1,34.0,78.05397149122805
CHEMBL1921942,C[C@@](C(=O)O[C@H]1C[N+]2(CC(=O)Nc3ccccc3)CCC1CC2)(c1ccccc1)N1CCCCC1,62.0,78.0619342105263
CHEMBL20921,Nc1ccc2nc(SCC(=O)NC3CCN(Cc4ccc(Cl)c(Cl)c4)CC3)sc2c1,59.0,26.46689802631579
CHEMBL1346,NC(=O)C(c1ccccc1)(c1ccccc1)[C@@H]1CCN(CCc2ccc3c(c2)CCO3)C1,9.5,51.09618201754389
